{
 "cells": [
  {
   "cell_type": "markdown",
   "metadata": {},
   "source": [
    "# Implementation of the Lee and Sun Spectral Sparsifier"
   ]
  },
  {
   "cell_type": "code",
   "execution_count": 1,
   "metadata": {},
   "outputs": [],
   "source": [
    "import networkx as nx #This library is used to manage graph objects\n",
    "import matplotlib.pyplot as plt\n",
    "import numpy as np\n",
    "import numpy.linalg as LA\n",
    "import scipy as sp\n",
    "import random as rd"
   ]
  },
  {
   "cell_type": "markdown",
   "metadata": {},
   "source": [
    "## The following functions return different kind of matrices associated to graphs"
   ]
  },
  {
   "cell_type": "code",
   "execution_count": 3,
   "metadata": {},
   "outputs": [],
   "source": [
    "#receive an integer n\n",
    "#return an undirected unweighted complete graph of n vertices\n",
    "def get_complete_random_graph(n):\n",
    "    Kn = nx.complete_graph(n)\n",
    "    return Kn\n",
    "\n",
    "#receive a graph G\n",
    "#return the adjacency matrix of G as numpy array object\n",
    "def get_adjacency_matrix(G):\n",
    "    A = nx.adjacency_matrix(G)\n",
    "    return A.toarray()\n",
    "\n",
    "#receive a graph G\n",
    "#return the Laplacian matrix of G as numpy array object\n",
    "def get_laplacian_matrix(G):\n",
    "    L = nx.laplacian_matrix(G)\n",
    "    return L.toarray()\n",
    "\n",
    "#receive a graph G\n",
    "#return the Signed Incidence matrix of G as numpy array object\n",
    "def get_signed_incidence_matrix(G):\n",
    "    B = nx.incidence_matrix(G, oriented=True)\n",
    "    return B.toarray()\n",
    "\n",
    "def get_weight_diagonal_matrix(G):\n",
    "    pass\n",
    "\n",
    "#receive a graph G\n",
    "#returns the vectors corresponding to every edge of G (the column vectos of the signed incidence matrix)\n",
    "def get_rank_one_laplacian_decomposition(G):\n",
    "    B = nx.incidence_matrix(G, oriented=True)\n",
    "    m = G.number_of_edges()\n",
    "    Vs = [] #vectors vi\n",
    "    for i in range(m):\n",
    "        u = B[:,i]\n",
    "        Vs.append(u.toarray())\n",
    "    return Vs"
   ]
  },
  {
   "cell_type": "markdown",
   "metadata": {},
   "source": [
    "## The following functions are from the article \"Constructing linear-sized spectral sparsification in almost-linear time\""
   ]
  },
  {
   "cell_type": "code",
   "execution_count": 4,
   "metadata": {},
   "outputs": [],
   "source": [
    "#This function computes the relative effective resistance of the vectors Vi's\n",
    "#receive the following parameters: \n",
    "#                        a set of vectos $$\\{v_i\\}_{i\\leq m}$$ such that $$sum_{i=1}^m v_iv_i^T = I$$\n",
    "#                        a matrix $A\\in \\mathrb{A}^{n\\times n}$\n",
    "#                        the actual barriers $u$ and $l$\n",
    "def compute_Rs(Vs, A, u, l):\n",
    "    Rs = []\n",
    "    m = len(Vs)#number of Vi vectors (edges of the graph)\n",
    "    n = A.shape[0]#number vertices of the graph\n",
    "    I = np.identity(n)\n",
    "    for i in range(m):\n",
    "        Vi = Vs[i]\n",
    "        maux1 = LA.inv((u*I-A))\n",
    "        maux2 = LA.inv((A-l*I))\n",
    "        Ri = np.dot(Vi.transpose(), np.dot(maux1, Vi)) + np.dot(Vi.transpose(), np.dot(maux2, Vi))\n",
    "        Rs.append(float(Ri))\n",
    "    return Rs\n",
    "\n",
    "#This function computes the constant Nj that it\n",
    "#receive the following parameters\n",
    "#                        the sum of all effective resistance of all vectors $v_i$\n",
    "#                        a $n\\times n$ matrix $A$\n",
    "#                        the actual barriers $u$ and $l$\n",
    "#                        an integer $q\\geq 10$\n",
    "def get_constant_Nj(sumRs, A, u, l, q):\n",
    "    m = len(Vs)\n",
    "    n = A.shape[0]\n",
    "    I = np.identity(n)\n",
    "    eigmin = min(min(LA.eigvals(u*I-A)), min(LA.eigvals(A-l*I)))\n",
    "    return int((sumRs*eigmin/(n**(2/q))))\n",
    "\n",
    "\n",
    "#returns \\Delta_u_j\n",
    "def get_Delta_uj(eps, q, Nj, Rs):\n",
    "    u = (1+(3*eps))*(eps*Nj/(q*sum(Rs)))\n",
    "    print(u)\n",
    "    return u\n",
    "\n",
    "#returns \\Delta_l_j\n",
    "def get_Delta_lj(eps, q, Nj, Rs):\n",
    "    l = (1-(3*eps))*(eps*Nj/(q*sum(Rs)))\n",
    "    print(l)\n",
    "    return l\n",
    "\n",
    "#return the set of vectors V from the theorem and algorithm\n",
    "def get_Vs(Lpnh, Us):\n",
    "    Vs = []\n",
    "    for u in Us:\n",
    "        Vs.append(np.matmul(Lpnh, u))\n",
    "    return Vs\n",
    "\n",
    "#return a matrix to the power of x. It uses the diagonalization method\n",
    "def get_matrix_raise_power_of_x(L, x):\n",
    "    eigvals, eigvecs = LA.eigh(L)\n",
    "    eigvals_power_x = [eigval**(x) if eigval >= 5e-10 else 0 for eigval in eigvals]\n",
    "    Lambda = np.diag(eigvals_power_x)\n",
    "    return np.matmul(np.matmul(eigvecs, Lambda), eigvecs.transpose())\n",
    "\n",
    "#return sampled vectors according to a probability distribution over every vector (every vector represent an edge of the graph)\n",
    "def get_Nj_sample_vectors(Rs, sumRs, Nj):\n",
    "    m = len(Rs)\n",
    "    p = [Rs[i]/sumRs for i in range(m)]\n",
    "    return np.random.choice(m, Nj,p)\n",
    "    "
   ]
  },
  {
   "cell_type": "markdown",
   "metadata": {},
   "source": [
    "## From here we set our parameters and code the spectral sparsifier algorithm"
   ]
  },
  {
   "cell_type": "code",
   "execution_count": 5,
   "metadata": {},
   "outputs": [],
   "source": [
    "#This lines of code define the graph G and compute the necessary matrices for getting a spectral sparsifier\n",
    "n = 15\n",
    "G = get_complete_random_graph(n)\n",
    "L = get_laplacian_matrix(G)\n",
    "Us = get_rank_one_laplacian_decomposition(G)\n",
    "Lpnh = sp.linalg.sqrtm(sp.linalg.pinvh(L))\n",
    "Vs = get_Vs(Lpnh, Us)\n",
    "m = len(Vs)"
   ]
  },
  {
   "cell_type": "code",
   "execution_count": 7,
   "metadata": {},
   "outputs": [
    {
     "name": "stdout",
     "output_type": "stream",
     "text": [
      "While condition: u-l= 2.810231652967292\t5.620463305934584\n",
      "Sum Rs: 19.927182850164783\n",
      "Nj: 16\n",
      "0.0006858303438789218\n",
      "uj: 1.405801656827525\n",
      "0.0006523752051531207\n",
      "lj: -1.404463451278493\n",
      "Iteracion: 0\n",
      "\n",
      "While condition: u-l= 2.8102651081060177\t5.620463305934584\n",
      "Sum Rs: 19.926949507687752\n",
      "Nj: 16\n",
      "0.0006858383748799138\n",
      "uj: 1.406487495202405\n",
      "0.0006523828443979669\n",
      "lj: -1.403811068434095\n",
      "Iteracion: 1\n",
      "\n",
      "While condition: u-l= 2.8102985636364997\t5.620463305934584\n",
      "Sum Rs: 19.926714791197245\n",
      "Nj: 16\n",
      "0.0006858464533603906\n",
      "uj: 1.4071733416557652\n",
      "0.0006523905288062252\n",
      "lj: -1.4031586779052887\n",
      "Iteracion: 2\n",
      "\n",
      "While condition: u-l= 2.810332019561054\t5.620463305934584\n",
      "Sum Rs: 19.926483519130905\n",
      "Nj: 16\n",
      "0.0006858544134767005\n",
      "uj: 1.407859196069242\n",
      "0.0006523981006241786\n",
      "lj: -1.4025062798046646\n",
      "Iteracion: 3\n",
      "\n",
      "While condition: u-l= 2.8103654758739065\t5.620463305934584\n",
      "Sum Rs: 19.926250996552536\n",
      "Nj: 16\n",
      "0.0006858624168204621\n",
      "uj: 1.4085450584860624\n",
      "0.0006524057135609274\n",
      "lj: -1.4018538740911037\n",
      "Iteracion: 4\n",
      "\n",
      "While condition: u-l= 2.810398932577166\t5.620463305934584\n",
      "Sum Rs: 19.926016482290912\n",
      "Nj: 16\n",
      "0.0006858704889064407\n",
      "uj: 1.4092309289749687\n",
      "0.0006524133918866144\n",
      "lj: -1.4012014606992171\n",
      "Iteracion: 5\n",
      "\n",
      "While condition: u-l= 2.810432389674186\t5.620463305934584\n",
      "Sum Rs: 19.92578491812395\n",
      "Nj: 16\n",
      "0.0006858784596352758\n",
      "uj: 1.409916807434604\n",
      "0.0006524209737994087\n",
      "lj: -1.4005490397254177\n",
      "Iteracion: 6\n",
      "\n",
      "While condition: u-l= 2.810465847160022\t5.620463305934584\n",
      "Sum Rs: 19.925545432445396\n",
      "Nj: 16\n",
      "0.0006858867032273454\n",
      "uj: 1.4106026941378313\n",
      "0.000652428815265036\n",
      "lj: -1.3998966109101527\n",
      "Iteracion: 7\n",
      "\n",
      "While condition: u-l= 2.8104993050479843\t5.620463305934584\n",
      "Sum Rs: 19.92531050274405\n",
      "Nj: 16\n",
      "0.0006858947901858059\n",
      "uj: 1.4112885889280171\n",
      "0.0006524365077377179\n",
      "lj: -1.399244174402415\n",
      "Iteracion: 8\n",
      "\n",
      "While condition: u-l= 2.810532763330432\t5.620463305934584\n",
      "Sum Rs: 19.925075187756672\n",
      "Nj: 16\n",
      "0.0006859028905980941\n",
      "uj: 1.4119744918186152\n",
      "0.0006524442130079433\n",
      "lj: -1.398591730189407\n",
      "Iteracion: 9\n",
      "\n",
      "While condition: u-l= 2.8105662220080223\t5.620463305934584\n",
      "Sum Rs: 19.92484442858287\n",
      "Nj: 16\n",
      "0.0006859108343682406\n",
      "uj: 1.4126604026529834\n",
      "0.0006524517692771069\n",
      "lj: -1.3979392784201299\n",
      "Iteracion: 10\n",
      "\n",
      "[[ 8.19699487e-03 -8.78235122e-04  2.04550274e-18 -1.17105090e-03\n",
      "  -2.92749611e-04  1.24305707e-18 -8.78273340e-04 -8.78231720e-04\n",
      "  -5.85499417e-04 -1.17099181e-03 -8.78235070e-04 -5.85475239e-04\n",
      "  -5.85499499e-04  9.24438863e-19 -2.92753148e-04]\n",
      " [-8.78235122e-04  9.07525755e-03 -1.46374353e-03 -2.92742715e-04\n",
      "  -5.85482047e-04 -8.78272599e-04 -5.85506143e-04 -5.85513233e-04\n",
      "  -1.46372356e-03 -1.17101576e-03 -2.92739350e-04 -5.85523375e-04\n",
      "  -2.17532324e-18 -4.60257485e-19 -2.92760118e-04]\n",
      " [ 2.04550274e-18 -1.46374353e-03  8.48968431e-03 -2.92763281e-04\n",
      "  -1.46370315e-03 -1.68362302e-18 -5.85512447e-04 -8.78241806e-04\n",
      "  -2.92732464e-04 -8.78238259e-04 -2.92756503e-04 -2.92742777e-04\n",
      "  -1.46376115e-03 -1.44366807e-18 -5.85488942e-04]\n",
      " [-1.17105090e-03 -2.92742715e-04 -2.92763281e-04  7.02606087e-03\n",
      "   1.16438820e-18 -2.92752721e-04 -2.92735931e-04 -5.85523533e-04\n",
      "  -8.78259326e-04 -2.92760066e-04 -8.78266421e-04 -2.92756453e-04\n",
      "  -5.85499242e-04 -4.25237345e-18 -1.17095029e-03]\n",
      " [-2.92749611e-04 -5.85482047e-04 -1.46370315e-03  1.16438820e-18\n",
      "   7.31868171e-03 -5.85495373e-04 -5.85520007e-04 -2.92742795e-04\n",
      "  -2.92749612e-04 -2.92763664e-04 -5.85478696e-04 -2.92739361e-04\n",
      "  -2.92749678e-04 -8.78272582e-04 -8.78235130e-04]\n",
      " [ 1.24305707e-18 -8.78272599e-04 -1.68362302e-18 -2.92752721e-04\n",
      "  -5.85495373e-04  5.26954242e-03  6.49089889e-19 -1.29796551e-19\n",
      "  -5.85491834e-04 -2.92759919e-04 -5.85509392e-04 -1.17099503e-03\n",
      "  -2.92752854e-04 -5.85512696e-04  1.01883597e-18]\n",
      " [-8.78273340e-04 -5.85506143e-04 -5.85512447e-04 -2.92735931e-04\n",
      "  -5.85520007e-04  6.49089889e-19  6.73329389e-03  3.51281826e-18\n",
      "  -1.44761567e-18 -5.85523453e-04 -1.46373138e-03 -5.85468372e-04\n",
      "   7.78856849e-19 -2.92766737e-04 -8.78256077e-04]\n",
      " [-8.78231720e-04 -5.85513233e-04 -8.78241806e-04 -5.85523533e-04\n",
      "  -2.92742795e-04 -1.29796551e-19  3.51281826e-18  5.85496954e-03\n",
      "  -2.92749665e-04 -2.75238644e-20 -2.92742831e-04 -2.92732464e-04\n",
      "  -5.85513328e-04 -5.85475297e-04 -5.85502863e-04]\n",
      " [-5.85499417e-04 -1.46372356e-03 -2.92732464e-04 -8.78259326e-04\n",
      "  -2.92749612e-04 -5.85491834e-04 -1.44761567e-18 -2.92749665e-04\n",
      "   5.26946834e-03 -2.92739344e-04 -1.11322883e-18  3.78420591e-18\n",
      "  -2.92763335e-04 -2.92759790e-04  1.19190358e-18]\n",
      " [-1.17099181e-03 -1.17101576e-03 -8.78238259e-04 -2.92760066e-04\n",
      "  -2.92763664e-04 -2.92759919e-04 -5.85523453e-04 -2.75238644e-20\n",
      "  -2.92739344e-04  7.90427911e-03  1.60889279e-18 -1.17103000e-03\n",
      "  -5.85502925e-04 -5.85475303e-04 -5.85478606e-04]\n",
      " [-8.78235070e-04 -2.92739350e-04 -2.92756503e-04 -8.78266421e-04\n",
      "  -5.85478696e-04 -5.85509392e-04 -1.46373138e-03 -2.92742831e-04\n",
      "  -1.11322883e-18  1.60889279e-18  7.02594375e-03  1.01881049e-18\n",
      "  -5.85482056e-04 -8.78262732e-04 -2.92739313e-04]\n",
      " [-5.85475239e-04 -5.85523375e-04 -2.92742777e-04 -2.92756453e-04\n",
      "  -2.92739361e-04 -1.17099503e-03 -5.85468372e-04 -2.92732464e-04\n",
      "   3.78420591e-18 -1.17103000e-03  1.01881049e-18  6.73321858e-03\n",
      "  -2.92746218e-04 -1.17100928e-03  2.55693321e-19]\n",
      " [-5.85499499e-04 -2.17532324e-18 -1.46376115e-03 -5.85499242e-04\n",
      "  -2.92749678e-04 -2.92752854e-04  7.78856849e-19 -5.85513328e-04\n",
      "  -2.92763335e-04 -5.85502925e-04 -5.85482056e-04 -2.92746218e-04\n",
      "   6.14776971e-03 -2.92742739e-04 -2.92756681e-04]\n",
      " [ 9.24438863e-19 -4.60257485e-19 -1.44366807e-18 -4.25237345e-18\n",
      "  -8.78272582e-04 -5.85512696e-04 -2.92766737e-04 -5.85475297e-04\n",
      "  -2.92759790e-04 -5.85475303e-04 -8.78262732e-04 -1.17100928e-03\n",
      "  -2.92742739e-04  5.85503013e-03 -2.92752970e-04]\n",
      " [-2.92753148e-04 -2.92760118e-04 -5.85488942e-04 -1.17095029e-03\n",
      "  -8.78235130e-04  1.01883597e-18 -8.78256077e-04 -5.85502863e-04\n",
      "   1.19190358e-18 -5.85478606e-04 -2.92739313e-04  2.55693321e-19\n",
      "  -2.92756681e-04 -2.92752970e-04  6.14767413e-03]]\n"
     ]
    }
   ],
   "source": [
    "# This is the implementation of the spectral sparsifier\n",
    "j = 0\n",
    "eps = 1/120\n",
    "q = 10\n",
    "l = -(2*n)**(1/q)\n",
    "u = (2*n)**(1/q)\n",
    "MAX_ITER = 10\n",
    "Nj = 1\n",
    "A = np.zeros((n,n))\n",
    "Ss = np.zeros(m)\n",
    "while(u-l <= 4*(2*n)**(1/q) and j <= MAX_ITER and Nj != 0):\n",
    "    print(\"While condition: u-l= \"+str(u-l)+\"\\t\"+str(4*(2*n)**(1/q)))\n",
    "    W = np.zeros((n,n))\n",
    "    Rs = compute_Rs(Vs, A, u, l)\n",
    "    sumRs = sum(Rs)\n",
    "    print(\"Sum Rs: \"+str(sumRs))\n",
    "    Nj = get_constant_Nj(sumRs, A, u, l, q)\n",
    "    print(\"Nj: \"+str(Nj))\n",
    "    indices = get_Nj_sample_vectors(Rs, sumRs, Nj)\n",
    "    for i in indices:\n",
    "        t = (eps/q)*(1/Rs[i])\n",
    "        Ss[i] += t \n",
    "        W = W + t*np.outer(Vs[i], Vs[i])\n",
    "    A = A + W\n",
    "    u = u + get_Delta_uj(eps, q, Nj, Rs)\n",
    "    print(\"uj: \"+str(u))\n",
    "    l = l + get_Delta_lj(eps, q, Nj, Rs)\n",
    "    print(\"lj: \"+str(l))\n",
    "    print(\"Iteracion: \"+str(j)+\"\\n\")\n",
    "    j = j+1\n",
    "print(A)"
   ]
  },
  {
   "cell_type": "code",
   "execution_count": 6,
   "metadata": {},
   "outputs": [],
   "source": [
    "#Here we compute the spectral sparsifier of G by multiplying its weighted edge matrix times the reweighting factors\n",
    "def compute_spectral_sparsifier(G, Ss):\n",
    "    B = get_signed_incidence_matrix(G)\n",
    "    W = np.diag(Ss)\n",
    "    return np.matmul(B, np.matmul(W, B.transpose()))"
   ]
  }
 ],
 "metadata": {
  "kernelspec": {
   "display_name": "Python 3",
   "language": "python",
   "name": "python3"
  },
  "language_info": {
   "codemirror_mode": {
    "name": "ipython",
    "version": 3
   },
   "file_extension": ".py",
   "mimetype": "text/x-python",
   "name": "python",
   "nbconvert_exporter": "python",
   "pygments_lexer": "ipython3",
   "version": "3.6.9"
  }
 },
 "nbformat": 4,
 "nbformat_minor": 2
}
